2.200     2.420     2.150     1.640     1.460     1.810     2.250     2.390
     2.430     2.680     2.920     2.680     1.930     1.160      .740      .700
      .990     1.700     2.670     3.460     3.830     4.020     4.380     4.720
     4.490     3.450     2.000      .720      .050      .180     1.090     2.410
     3.470     3.790     3.570     3.330     3.320     3.300     3.020     2.590
     2.300     2.180     2.220     2.560     3.310     4.040     4.020     3.190
     2.480     2.690     3.390     3.440     2.610     1.910     2.270     3.360
     4.200     4.370     4.170     3.910     3.640     3.460     3.480     3.550
     3.340     2.880     2.530     2.400     2.350     2.360     2.640     3.080
     3.230     2.970     2.760     2.960     3.230     3.020     2.460     2.140
     2.320     2.790     3.500     4.590     5.840     6.490     5.920     4.360
     2.530     1.220     1.000     2.050     3.800     5.190     5.560     5.140
     4.420     3.450     2.180     1.000      .530      .810     1.300     1.740
     2.350     3.200     3.830     3.730     3.140     2.890     3.480     4.320
     4.270     3.030     1.790     2.030     3.680     5.120     5.130     4.160
     3.290     2.810     2.470     2.520     3.330     4.440     4.920     4.600
     3.860     2.570      .550    -1.010     -.510     1.480     2.400     1.290
      .340     1.490     3.340     3.420     2.230     2.350     4.070     4.720
     2.910      .730      .700     2.150     2.540     1.190      .200     1.710
     5.400     8.780     9.550     7.540     4.620     2.410      .450    -2.300
    -4.570    -3.210     2.390     8.180     9.460     6.350     3.190     2.930
     4.300     4.770     4.210     4.110     4.640     4.550     3.670     3.820
     6.450    10.220    11.980     9.980     5.680     2.020      .720     1.290
     2.250     2.440     1.620      .890     2.230     6.240    10.140     9.930
     5.300      .510     -.950     -.690    -2.200    -4.670    -3.600     2.370
     8.640    10.210     7.490     4.750     4.570     5.930     6.460     4.380
     -.780    -7.040   -10.090    -7.040     -.120     5.500     7.660     8.720
    10.760    11.840     8.900     2.640    -2.790    -4.410    -2.580     1.030
     5.380     9.280    10.500     7.620     2.560     -.450      .960     4.630
     6.280     4.400     1.550      .600     1.060      .680     -.550     -.270
     1.910     2.670     -.830    -6.570    -9.610    -7.990    -4.430    -2.270
    -1.620     -.490     1.840     4.090     4.910     4.240     2.760      .930
     -.860    -1.830    -1.230      .600     2.310     3.160     4.020     5.970
     8.190     8.490     6.200     2.870     -.350    -3.990    -7.530    -7.340
     -.620     9.020    13.540     9.280     1.370    -2.340      .260     5.000
     7.560     7.200     5.030     1.850    -1.170    -2.090     -.220     2.410
     3.190     2.370     2.640     5.300     7.910     6.570      .180    -8.100
   -13.330   -12.740    -7.710    -2.700    -2.040    -6.290   -11.410   -12.110
    -7.070     -.290     3.370     3.220     2.010     1.320      .050    -2.370
    -4.100    -3.580    -2.200    -1.890    -1.590     1.170     5.330     6.190
     1.440    -4.880    -6.460    -1.810     4.550     7.240     4.620    -1.780
    -9.570   -15.970   -17.760   -13.800    -7.640    -5.130    -8.070   -12.040
   -12.040    -8.860    -7.280    -8.970   -10.090    -6.710     -.020     4.910
     3.870    -3.610   -13.770   -19.790   -16.850    -8.060    -2.540    -4.360
    -6.520     -.790     8.630     8.620    -4.750   -18.720   -18.640    -5.750
     5.050     2.400   -11.280   -24.990   -29.490   -22.660    -9.780      .170
     1.690    -2.140    -4.160    -2.920    -4.320   -12.050   -20.510   -21.050
   -12.920    -3.680      .450      .420     -.240    -1.790    -6.910   -14.730
   -19.880   -18.450   -12.960    -9.590   -11.120   -14.070   -13.230    -7.930
    -2.440     -.580    -1.380     -.910     2.370     5.350     3.440    -4.850
   -16.370   -24.950   -24.500   -13.420     1.890     9.880     4.430    -7.420
   -12.290    -5.960     2.270     2.810    -2.590    -7.210   -11.640   -20.270
   -28.320   -24.230    -7.910     4.510     1.140    -9.360   -11.010    -2.870
     3.570     5.060     9.990    20.290    24.220    13.350    -4.380   -16.360
   -21.750   -27.150   -32.550   -32.100   -25.720   -19.660   -16.040   -10.860
    -2.460     6.010    13.110    19.450    20.450     8.410   -13.670   -29.080
   -25.560   -10.890    -2.810    -7.330   -15.240   -18.040   -17.950   -20.100
   -22.860   -21.270   -16.480   -16.040   -24.120   -34.710   -37.050   -27.860
   -16.360   -14.630   -23.670   -32.070   -29.410   -17.340    -5.100     1.240
      .590    -8.010   -24.130   -40.280   -45.470   -37.590   -26.160   -19.210
   -13.340    -2.620     7.570     4.130   -16.260   -40.510   -52.850   -50.930
   -45.230   -45.890   -53.740   -62.600   -66.340   -62.700   -52.260   -36.020
   -14.650     9.810    32.510    47.570    51.970    47.150    37.090    26.110
    17.820    13.390     9.290     -.730   -18.290   -35.690   -41.800   -34.000
   -22.980   -24.200   -44.490   -76.500  -105.020  -118.520  -116.380  -107.090
   -99.960   -98.050   -97.890   -94.980   -88.680   -82.250   -79.150   -79.840
   -81.930   -83.060   -83.160   -83.340   -82.190   -74.760   -57.430   -33.580
   -12.100      .640     5.780     7.800     7.930     4.130    -3.770   -12.720
   -20.850   -30.200   -43.080   -57.600   -68.880   -73.870   -72.730   -66.200
   -53.980   -36.500   -16.730      .700    11.600    13.710     8.360     1.480
     1.320    12.350    30.720    46.800    52.630    47.650    38.440    33.480
    36.770    44.950    50.870    51.060    48.710    47.800    46.330    38.560
    24.310    11.690     8.510    13.690    20.180    24.950    31.860    44.840
    61.410    74.890    80.970    80.900    79.470    81.470    89.280   101.940
   115.870   126.820   131.880   130.280   123.080   112.460   100.770    90.180
    82.880    79.860    77.280    65.150    34.120   -13.340   -60.600   -89.270
   -94.540   -86.240   -75.910   -66.660   -56.340   -45.500   -37.440   -31.750
   -23.230    -8.730     7.890    19.940    25.300    27.170    28.500    28.700
    26.200    21.490    15.800     8.090    -4.110   -20.590   -36.490   -45.540
   -45.000   -37.080   -25.670   -12.370     3.880    23.540    43.260    56.900
    60.200    54.740    46.830    42.090    40.820    37.980    27.270     5.420
   -25.930   -60.130   -85.880   -89.620   -62.680   -10.360    46.940    86.090
    98.420    94.590    92.100    99.610   114.080   129.970   145.930   161.860
   173.850   176.010   166.910   152.120   140.300   137.220   142.510   150.660
   155.250   153.760   148.900   144.630   141.310   136.300   129.500   126.220
   132.080   145.090   154.890   151.390   134.000   111.340    92.430    79.840
    71.460    66.760    68.450    77.980    91.140    99.450    96.140    81.130
    61.120    44.930    37.300    36.350    36.880    36.250    36.230    39.690
    46.790    55.110    61.810    64.350    60.440    49.680    35.370    22.970
    15.790    13.010    11.680     9.520     5.570     -.060    -5.900    -9.560
    -9.780    -7.750    -5.390    -2.280     5.070    20.300    43.720    71.230
    96.530   114.800   125.070   129.530   130.740   129.930   127.660   124.970
   122.780   120.700   117.910   114.940   112.680   109.590   102.140    89.630
    76.310    65.980    55.310    35.940     4.490   -32.050   -62.080   -78.890
   -83.670   -81.940   -79.710   -81.230   -86.960   -93.790   -99.490  -106.340
  -117.660  -131.680  -143.340  -152.310  -164.190  -181.570  -198.810  -209.220
  -213.230  -214.680  -213.200  -207.450  -203.430  -209.970  -224.420  -231.440
  -220.920  -200.150  -181.890  -165.900  -141.090  -104.170   -67.200   -45.190
   -42.060   -50.630   -61.190   -67.320   -68.160   -68.440   -73.610   -82.700
   -89.170   -90.590   -92.370   -97.450   -97.250   -80.110   -48.060   -17.870
    -3.770    -4.610    -9.960   -13.770   -17.590   -23.880   -31.410   -37.080
   -38.590   -35.070   -27.540   -19.150   -12.670    -7.310      .060     9.750
    17.050    16.730     9.050     -.720    -8.720   -16.910   -29.780   -47.590
   -64.520   -74.390   -76.630   -75.460   -74.050   -71.970   -68.380   -64.720
   -62.370   -59.260   -51.630   -39.110   -25.790   -15.420    -7.480     1.330
    12.640    24.920    35.850    44.940    53.130    59.960    61.740    54.030
    37.070    18.180     6.630     5.560    10.220    14.530    17.450    21.370
    26.180    28.150    24.580    16.820     7.710    -1.800   -11.810   -20.700
   -26.150   -28.460   -30.450   -32.990   -32.400   -24.220    -8.770     8.560
    22.570    32.310    39.750    46.090    50.860    53.710    55.330    56.060
    54.940    51.080    45.530    40.560    37.180    34.030    29.160    22.240
    13.970     3.450   -12.410   -35.300   -61.020   -80.610   -87.290   -82.000
   -70.820   -58.120   -44.900   -34.160   -33.510   -48.490   -74.150   -97.280
  -108.320  -109.000  -107.240  -107.130  -106.600  -103.320   -99.770  -101.390
  -111.040  -125.770  -138.650  -144.800  -146.090  -148.260  -151.320  -145.260
  -120.050   -80.410   -45.530   -31.320   -35.550   -43.290   -43.590   -36.540
   -26.670   -16.090    -5.240     4.600    12.170    17.510    20.530    20.570
    18.790    18.500    22.010    29.470    41.460    59.160    79.720    95.930
   103.950   107.250   107.110    93.050    52.570    -7.480   -58.120   -73.110
   -53.190   -20.930     4.840    23.410    42.830    64.900    83.400    93.250
    96.120    96.240    93.170    80.930    55.350    22.220    -3.890   -11.120
     -.370    17.240    32.250    43.800    55.230    66.590    74.000    74.580
    69.040    59.850    49.510    41.100    38.220    42.570    51.880    61.440
    67.760    70.650    72.060    73.770    76.500    80.430    85.860    92.820
   100.590   108.220   115.530   122.970   130.520   137.380   143.000   147.680
   151.770   154.910   156.500   156.380   154.400   150.270   144.690   139.610
   135.500   128.640   113.560    89.800    64.680    47.170    38.970    33.120
    21.650     3.380   -15.860   -29.010   -32.790   -28.620   -21.200   -16.280
   -17.970   -26.220   -37.050   -45.700   -49.620   -48.830   -44.600   -38.760
   -33.640   -31.100   -31.120   -32.030   -32.400   -32.380   -32.830   -33.650
   -33.610   -31.790   -28.760   -26.640   -28.010   -34.650   -46.390   -60.600
   -73.240   -80.960   -82.880   -80.300   -75.040   -68.160   -60.510   -54.090
   -51.920   -55.790   -64.240   -73.390   -80.210   -84.170   -85.410   -82.250
   -72.270   -56.010   -38.040   -23.360   -13.340    -5.890     1.300     8.960
    17.020    24.950    30.640    30.480    22.320     8.280    -6.600   -18.700
   -28.090   -36.470   -43.790   -47.970   -47.880   -45.520   -44.330   -45.160
   -44.760   -38.960   -27.470   -14.790    -6.540    -5.670   -12.170   -24.700
   -41.030   -57.320   -68.630   -70.890   -62.220   -43.410   -18.540     5.230
    21.050    27.060    27.130    26.180    25.580    23.620    18.850    11.020
     -.080   -14.150   -28.390   -38.370   -42.080   -41.470   -39.170   -35.000
   -27.400   -17.200    -7.910    -2.270     -.020      .640      .720      .190
     -.990    -2.480    -3.810    -4.560    -4.420    -3.450    -2.070     -.780
      .000     -.040     -.850    -1.690    -1.510      .050     2.450     5.070
     7.550     9.050     7.910     2.960    -4.870   -12.620   -17.150   -16.860
   -12.250    -5.560      .270     2.930     1.600    -3.110    -9.390   -13.930
   -12.240    -1.250    17.290    36.850    50.630    56.590    57.680    57.560
    56.760    53.250    46.190    38.200    33.650    35.020    41.050    48.670
    55.830    62.130    67.190    69.990    70.030    68.330    66.080    62.880
    57.510    49.960    41.790    34.500    28.870    26.200    28.350    34.810
    40.330    37.510    22.640    -1.070   -25.930   -44.610   -53.390   -52.740
   -46.210   -38.500   -33.180   -31.600   -33.640   -38.910   -46.910   -56.280
   -65.100   -72.090   -77.330   -81.500   -84.750   -86.700   -87.200   -86.800
   -86.190   -85.420   -83.870   -80.960   -76.590   -70.730   -63.170   -54.420
   -46.880   -43.950   -47.380   -55.690   -65.820   -75.690   -84.320   -90.460
   -92.790   -91.380   -87.260   -79.780   -66.300   -46.110   -23.580    -5.550
     4.470     8.220     9.110     8.650     6.770     3.910     1.110    -1.230
    -3.410    -5.420    -6.680    -7.080    -7.450    -9.000   -12.420   -17.590
   -23.470   -28.390   -31.090   -31.530   -30.690   -29.600   -28.720   -28.040
   -26.930   -23.890   -17.600    -8.620      .270     6.130     7.990     6.710
     3.270    -1.750    -7.210   -10.780    -9.980    -4.010     5.630    16.110
    25.060    31.960    38.110    44.940    52.240    58.130    60.900    60.560
    58.210    54.610    49.940    44.880    40.940    39.170    38.960    38.680
    37.180    34.360    30.530    26.120    21.920    19.170    18.700    20.180
    22.490    24.760    26.920    29.300    32.160    35.570    39.540    43.860
    47.820    50.280    50.230    47.420    42.500    36.790    31.900    29.220
    29.180    30.900    32.810    33.780    33.640    32.330    29.040    22.870
    14.220     5.070    -2.560    -7.980   -11.490   -13.020   -11.900    -8.130
    -3.290      .240     1.040     -.360    -1.990    -1.930      .450     4.420
     8.790    12.950    16.810    20.090    21.920    21.560    19.100    15.370
    11.130     6.800     2.810     -.120    -1.230     -.120     3.060     7.470
    11.820    14.960    16.680    17.700    18.770    20.000    21.130    22.220
    23.650    25.690    28.310    31.580    35.620    40.240    44.790    48.700
    51.880    54.450    56.300    57.140    56.920    55.920    54.510    52.770
    50.480    47.050    41.850    34.750    26.740    19.720    15.320    13.940
    14.680    16.020    16.390    14.790    11.390     7.820     6.230     7.440
    10.090    12.040    12.260    11.280     9.900     8.510     7.930     9.970
    16.020    24.800    32.650    36.430    35.830    32.550    27.960    22.190
    15.180     7.620      .730    -4.410    -7.120    -7.270    -5.470    -2.740
      .400     4.140     8.290    11.220    10.670     6.030     -.640    -6.110
    -8.430    -8.110    -7.170    -7.500    -9.920   -14.200   -19.400   -24.160
   -27.120   -27.650   -26.290   -24.170   -21.970   -19.740   -17.720   -16.760
   -17.370   -18.800   -19.730   -19.510   -17.830   -13.390    -4.680     7.160
    17.360    21.060    17.800    11.650     6.950     4.900     4.540     5.310
     7.350     9.980    11.500    10.930     9.170     7.960     8.130     9.300
    10.770    12.260    13.670    14.580    14.260    12.150     8.460     4.280
      .790    -1.540    -3.160    -4.600    -5.700    -5.700    -4.200    -1.580
     1.380     4.250     6.980     9.140     9.710     7.820     3.700    -1.290
    -5.640    -8.560   -10.090   -10.640   -10.670   -10.610   -10.800   -11.460
   -12.670   -14.380   -16.280   -17.990   -19.370   -20.590   -21.720   -22.620
   -23.320   -24.150   -24.980   -24.520   -21.150   -14.840    -7.740    -2.660
    -1.070    -2.520    -5.600    -8.890   -11.330   -12.540   -13.020   -13.710
   -15.080   -16.830   -18.360   -19.060   -18.380   -15.840   -11.590    -6.690
    -2.400      .830     3.380     5.300     5.620     3.200    -1.730    -7.170
   -10.800   -11.600   -10.020    -7.160    -4.090    -1.810     -.770     -.130
     1.940     6.530    12.580    17.510    19.370    17.950    14.370    10.210
     7.080     6.270     7.980    11.310    14.920    17.780    19.230    19.010
    17.460    15.220    12.070     6.610    -2.230   -13.240   -23.480   -30.820
   -35.530   -39.200   -42.750   -45.830   -47.660   -47.620   -45.070   -39.320
   -30.400   -19.870   -10.700    -5.910    -6.750   -11.930   -18.440   -23.380
   -25.230   -23.880   -20.230   -15.920   -12.830   -12.070   -13.310   -15.380
   -17.150   -17.460   -14.770    -7.930     2.060    11.960    18.550    20.990
    20.710    19.280    16.820    12.280     4.680    -5.540   -16.000   -23.230
   -24.870   -21.330   -14.900    -7.210     1.670    11.450    20.030    24.760
    25.230    23.570    21.920    19.910    15.450     7.390    -2.940   -12.870
   -20.470   -25.490   -28.620   -30.470   -31.440   -32.300   -34.310   -38.400
   -44.170   -50.030   -54.440   -56.890   -57.910   -58.320   -58.690   -59.140
   -59.370   -58.820   -57.020   -53.850   -49.550   -44.630   -39.920   -36.320
   -34.270   -33.420   -33.010   -32.500   -31.720   -30.330   -27.730   -23.600
   -18.200   -12.090    -5.580     1.090     7.420    12.590    16.080    18.070
    19.280    20.440    21.880    23.230    23.700    22.700    20.490    17.860
    15.340    12.870    10.450     8.740     8.490     9.620    11.300    12.930
    14.550    16.310    17.820    18.580    18.720    18.790    18.870    18.370
    16.760    14.350    12.020    10.300     9.010     7.770     6.550     5.560
     4.560     2.790     -.360    -4.580    -8.560   -10.870   -10.730    -8.020
    -3.030     3.460     9.840    14.200    15.640    14.990    13.880    13.340
    13.440    14.100    15.490    17.270    18.110    16.750    13.660    11.050
    10.770    12.570    14.460    14.840    13.710    11.920     9.730     6.640
     2.430    -2.060    -5.540    -7.290    -7.420    -6.330    -4.340    -1.820
      .800     3.350     5.940     8.550    10.530    10.990     9.700     7.330
     4.790     2.400     -.050    -2.550    -4.420    -4.780    -3.390     -.880
     1.790     3.930     5.310     5.900     5.800     5.190     4.370     3.560
     2.850     2.290     2.000     2.110     2.820     4.300     6.470     8.780
    10.410    10.850    10.110     8.510     6.510     4.820     4.130     4.520
     5.120     5.010     4.130     3.150     2.530     2.260     2.310     2.810
     3.570     3.830     2.950     1.020    -1.340    -3.620    -5.570    -7.030
    -8.080    -9.070   -10.220   -11.180   -11.350   -10.560    -9.060    -7.120
    -4.930    -2.920    -1.650    -1.230    -1.290    -1.550    -2.070    -2.830
    -3.460    -3.590    -3.300    -2.790    -2.020     -.930      .100      .430
     -.270    -1.660    -3.150    -4.390    -5.320    -6.090    -6.900    -7.930
    -9.200   -10.590   -11.990   -13.300   -14.370   -15.090   -15.340   -14.930
   -13.540   -10.990    -7.500    -3.560      .400     4.230     8.040    12.090
    16.580    21.300    25.730    29.600    33.100    36.250    38.420    38.930
    38.090    36.910    35.530    32.750    27.560    20.520    13.050     5.850
    -1.150    -7.500   -11.890   -13.580   -13.300   -12.440   -11.610   -10.640
    -9.440    -8.190    -6.840    -5.010    -2.650     -.230     1.830     3.630
     5.300     6.570     7.000     6.480     5.050     2.650     -.690    -4.320
    -7.320    -9.450   -11.270   -13.210   -14.940   -15.990   -16.500   -17.010
   -17.700   -18.300   -18.480   -17.770   -15.220   -10.060    -2.960     3.840
     8.260    10.220    11.270    12.770    14.670    16.190    16.890    17.000
    16.810    16.110    14.320    10.930     5.980      .160    -5.470    -9.880
   -12.320   -12.790   -12.160   -11.690   -12.060   -13.060   -14.200   -15.310
   -16.150   -15.890   -13.490    -8.820    -2.850     3.300     9.040    14.010
    17.870    20.700    23.220    25.960    28.630    30.650    31.980    32.930
    33.330    32.540    30.520    28.030    25.750    23.560    21.140    18.760
    16.980    15.880    15.110    14.670    14.940    15.890    16.840    17.030
    16.290    14.710    12.130     8.350     3.920      .150    -1.760    -1.520
      .350     3.180     6.440     9.560    11.830    12.990    13.610    14.540
    15.870    16.530    15.370    12.550     9.400     6.930     4.780     1.920
    -1.890    -5.830    -8.930   -10.870   -11.630   -11.090    -9.240    -6.500
    -3.420     -.160     3.220     6.190     8.010     8.590     8.610     8.680
     8.850     9.110     9.870    11.430    13.460    15.360    17.070    18.960
    20.960    22.540    23.450    24.130    24.960    25.710    25.940    25.580
    24.780    23.430    21.300    18.470    15.260    11.720     7.870     4.290
     1.860      .700      .000     -.750     -.910      .370     2.660     4.520
     5.240     5.460     5.960     6.420     6.050     5.080     4.730     5.780
     7.560     8.710     8.550     7.650     6.990     6.990     7.110     6.530
     5.120     3.460     2.090      .780    -1.000    -3.150    -4.930    -6.130
    -7.510    -9.940   -13.190   -16.300   -18.700   -20.620   -22.270   -23.390
   -23.730   -23.580   -23.540   -23.750   -23.960   -24.040   -24.200   -24.630
   -25.300   -26.130   -27.120   -28.290   -29.500   -30.580   -31.570   -32.710
   -34.170   -35.830   -37.320   -38.250   -38.410   -37.900   -37.010   -35.920
   -34.610   -33.050   -31.380   -29.990   -29.220   -29.020   -28.960   -28.650
   -28.080   -27.550   -27.050   -26.050   -23.980   -21.050   -18.170   -16.150
   -15.050   -14.460   -14.090   -13.680   -12.850   -11.280    -9.310    -7.630
    -6.500    -5.600    -4.980    -5.500    -7.820   -11.220   -14.080   -15.350
   -15.230   -14.420   -13.420   -12.750   -12.940   -13.860   -14.640   -14.720
   -14.530   -14.410   -13.310    -9.670    -3.730     2.070     5.570     7.000
     8.130     9.930    11.960    13.480    14.300    14.300    13.260    11.500
     9.930     9.110     8.550     7.650     6.700     6.460     7.130     8.130
     9.020     9.780    10.230     9.720     7.800     4.790     1.500    -1.450
    -3.630    -4.510    -3.620    -1.040     2.390     5.510     7.440     7.960
     7.510     6.750     6.040     5.450     5.040     4.990     5.190     5.020
     3.870     1.880     -.160    -1.460    -1.750    -1.130      .110     1.560
     2.950     4.400     6.200     8.050     9.130     9.070     8.450     8.050
     7.800     7.220     6.580     6.940     8.750    11.090    12.580    12.720
    12.010    10.980     9.870     8.800     7.890     6.980     5.670     3.970
     2.320     1.050     -.140    -1.770    -3.980    -6.640    -9.800   -13.750
   -18.380   -22.900   -26.270   -28.070   -28.710   -28.980   -29.400   -29.930
   -30.270   -30.250   -29.870   -29.100   -27.880   -26.330   -24.710   -23.200
   -21.660   -19.970   -18.300   -16.930   -15.700   -14.030   -11.530    -8.640
    -6.210    -4.790    -4.250    -4.100    -3.940    -3.610    -3.080    -2.330
    -1.440     -.680     -.440     -.770    -1.080     -.590      .870     2.550
     3.530     3.810     4.240     5.530     7.530     9.670    11.730    13.780
    15.750    17.230    18.060    18.510    19.020    19.620    20.100    20.300
    20.240    19.890    19.150    18.080    16.960    16.050    15.450    15.170
    15.210    15.310    14.890    13.480    11.350     9.330     8.230     8.260
     9.280    11.060    13.160    14.750    15.050    14.030    12.470    11.240
    10.740    10.970    11.950    13.600    15.620    17.570    19.190    20.370
    20.920    20.580    19.490    18.330    17.810    18.160    19.060    19.910
    20.070    19.130    17.080    14.340    11.280     7.980     4.530     1.320
    -1.130    -2.700    -3.520    -3.440    -2.100      .300     2.680     3.990
     4.180     3.970     3.900     3.870     3.780     3.880     4.510     5.560
     6.620     7.420     7.990     8.320     8.230     7.600     6.750     6.230
     6.360     6.950     7.700     8.800    10.750    13.660    16.710    18.780
    19.360    18.530    16.430    13.150     9.420     6.610     5.530     5.620
     5.770     5.860     6.770     8.810    10.930    11.910    11.870    11.920
    12.360    12.170    10.400     7.700     5.700     5.060     4.790     3.630
     1.690      .130     -.400     -.470     -.970    -2.090    -3.610    -5.560
    -8.140   -11.100   -13.600   -14.960   -15.280   -15.250   -15.680   -17.050
   -19.300   -21.730   -23.350   -23.670   -22.970   -21.780   -20.290   -18.540
   -17.000   -16.480   -17.330   -19.050   -20.880   -22.540   -24.190   -25.820
   -27.010   -27.330   -26.850   -26.110   -25.510   -24.980   -24.350   -23.800
   -23.750   -24.330   -25.210   -26.060   -26.960   -27.990   -28.660   -28.030
   -25.630   -21.980   -17.980   -14.040   -10.090    -6.210    -3.000     -.950
      .240     1.550     3.860     7.220    10.810    13.530    14.710    14.510
    13.580    12.390    10.780     8.570     6.150     4.340     3.520     3.370
     3.660     4.740     6.890     9.440    11.180    11.430    10.430     8.670
     6.450     4.230     2.710     2.180     2.070     1.770     1.430     1.770
     3.040     4.770     6.360     7.550     8.270     8.480     8.430     8.560
     9.120     9.820    10.230    10.240    10.040     9.770     9.510     9.360
     9.400     9.610    10.000    10.740    11.970    13.380    14.310    14.350
    13.630    12.510    11.050     9.030     6.370     3.460      .800    -1.450
    -3.650    -6.190    -8.830   -10.810   -11.570   -11.290   -10.670   -10.100
    -9.420    -8.280    -6.580    -4.570    -2.540     -.760      .560     1.560
     2.690     4.270     5.880     6.540     5.710     3.960     2.510     2.110
     2.540     3.220     3.800     4.230     4.530     4.580     4.190     3.110
     1.260     -.970    -2.880    -4.060    -4.720    -5.190    -5.240    -4.480
    -3.110    -2.040    -1.880    -2.380    -2.750    -2.490    -1.440      .360
     2.600     4.630     5.900     6.540     7.040     7.510     7.550     6.900
     5.970     5.380     5.380     5.770     6.340     7.010     7.590     7.650
     6.810     5.090     2.980     1.220      .470      .990     2.490     4.360
     6.000     7.040     7.380     7.040     6.170     5.060     4.150     3.810
     4.000     4.320     4.330     3.970     3.460     2.930     2.260     1.370
      .400     -.390     -.850     -.930     -.620     -.050      .370      .200
     -.480    -1.130    -1.360    -1.380    -1.630    -2.150    -2.400    -1.870
     -.570     1.130     2.890     4.570     6.130     7.490     8.550     9.190
     9.270     8.750     7.900     7.080     6.410     5.610     4.300     2.550
      .930     -.020     -.280     -.320     -.660    -1.490    -2.740    -4.130
    -5.290    -5.900    -5.960    -5.760    -5.600    -5.450    -5.230    -5.060
    -5.280    -5.910    -6.620    -7.200    -7.890    -9.010   -10.460   -11.810
   -12.840   -13.650   -14.320   -14.700   -14.720   -14.710   -15.220   -16.490
   -18.190   -19.650   -20.380   -20.410   -20.090   -19.660   -19.060   -18.190
   -17.130   -15.910   -14.240   -11.790    -8.740    -5.610    -2.650      .320
     3.190     5.150     5.380     4.080     2.380     1.190      .530     -.100
     -.920    -1.790    -2.550    -3.250    -4.040    -5.090    -6.440    -7.840
    -8.920    -9.540    -9.980   -10.550   -11.230   -11.780   -12.090   -12.290
   -12.340   -12.080   -11.440   -10.470    -8.980    -6.560    -3.190      .360
     3.020     4.330     4.770     5.180     6.040     7.220     8.230     8.520
     7.750     6.070     3.960     1.790     -.520    -3.100    -5.790    -8.150
    -9.900   -11.110   -11.880   -12.130   -11.860   -11.270   -10.530    -9.500
    -7.910    -5.950    -4.320    -3.560    -3.390    -3.080    -2.280    -1.350
     -.840     -.790     -.780     -.520     -.240     -.400    -1.310    -2.970
    -5.200    -7.560    -9.400   -10.240   -10.250   -10.120   -10.310   -10.540
   -10.290    -9.510    -8.690    -8.090    -7.250    -5.390    -2.260     1.560
     5.190     8.180    10.590    12.450    13.510    13.560    13.080    13.090
    14.170    15.760    16.610    16.050    14.500    12.970    12.090    11.780
    11.640    11.450    11.270    11.320    11.620    11.900    11.960    12.080
    12.710    13.820    14.790    15.210    15.410    15.930    16.640    17.050
    17.240    17.940    19.560    21.620    23.350    24.630    25.760    26.810
    27.530    27.840    27.870    27.610    26.790    25.450    24.080    23.140
    22.510    21.710    20.440    18.910    17.400    15.900    14.280    12.560
    11.050     9.960     8.970     7.440     5.100     2.430      .100    -1.700
    -3.250    -4.630    -5.480    -5.460    -4.680    -3.670    -2.940    -2.750
    -3.070    -3.610    -4.120    -4.710    -5.720    -7.200    -8.810   -10.210
   -11.360   -12.280   -12.710   -12.410   -11.560   -10.580    -9.610    -8.540
    -7.360    -6.230    -5.160    -4.050    -2.970    -2.160    -1.470     -.400
     1.180     2.700     3.600     4.130     5.010     6.440     7.860     8.780
     9.390    10.140    11.070    11.660    11.400    10.300     8.870     7.690
     7.080     6.970     7.070     7.130     6.990     6.490     5.450     3.840
     1.810     -.340    -2.350    -4.010    -5.250    -6.050    -6.430    -6.470
    -6.320    -6.280    -6.610    -7.220    -7.650    -7.450    -6.520    -5.160
    -3.650    -2.170     -.930     -.170      .010     -.240     -.730    -1.460
    -2.570    -4.070    -5.760    -7.360    -8.680    -9.630   -10.350   -11.090
   -12.140   -13.550   -15.090   -16.370   -17.060   -16.970   -16.240   -15.280
   -14.510   -14.020   -13.610   -13.230   -13.140   -13.460   -13.780   -13.470
   -12.330   -10.810    -9.430    -8.400    -7.710    -7.330    -7.200    -7.100
    -6.790    -6.340    -6.040    -6.060    -6.330    -6.730    -7.200    -7.660
    -7.960    -8.020    -7.980    -8.130    -8.550    -9.060    -9.490    -9.940
   -10.640   -11.700   -12.870   -13.830   -14.360   -14.360   -13.680   -12.140
    -9.840    -7.240    -4.950    -3.270    -2.060    -1.020      .010      .930
     1.690     2.320     2.820     2.990     2.680     2.090     1.620     1.430
     1.280      .930      .500      .410      .900     1.800     2.660     3.140
     3.110     2.680     2.100     1.590     1.250     1.120     1.150     1.100
      .630     -.300    -1.210    -1.510    -1.160     -.720     -.700    -1.100
    -1.650    -2.300    -3.210    -4.460    -5.910    -7.300    -8.390    -9.010
    -9.220    -9.310    -9.390    -9.260    -8.730    -8.000    -7.480    -7.200
    -6.920    -6.500    -5.990    -5.230    -3.860    -1.840      .310     2.140
     3.670     4.890     5.300     4.370     2.500      .880      .240      .190
      .010     -.360     -.270      .760     2.390     3.770     4.460     4.940
     6.150     8.480    11.250    13.300    14.150    14.320    14.570    14.990
    15.150    14.840    14.410    14.320    14.570    14.780    14.630    14.200
    13.850    13.780    13.780    13.360    12.300    10.860     9.320     7.730
     6.080     4.840     4.640     5.460     6.440     6.880     6.860     6.890
     6.950     6.600     5.760     5.080     5.130     5.880     6.940     8.000
     8.890     9.400     9.490     9.450     9.470     9.230     8.260     6.700
     5.370     4.770     4.500     4.000     3.440     3.450     4.040     4.380
     3.910     3.080     2.740     3.040     3.380     3.310     3.060     2.850
     2.410     1.340     -.100    -1.190    -1.450    -1.130     -.750     -.630
     -.870    -1.480    -2.300    -2.900    -2.870    -2.350    -2.000    -2.390
    -3.520    -4.920    -6.120    -6.940    -7.470    -7.720    -7.590    -6.980
    -6.060    -5.170    -4.550    -4.120    -3.690    -3.270    -3.030    -3.030
    -3.110    -3.100    -2.990    -2.920    -2.960    -3.060    -3.160    -3.260
    -3.380    -3.520    -3.700    -3.920    -4.120    -4.140    -3.760    -2.930
    -1.950    -1.230     -.870     -.420      .620     2.150     3.410     3.720
     3.200     2.500     1.890     1.010     -.440    -2.060    -3.100    -3.380
    -3.460    -3.870    -4.440    -4.640    -4.390    -4.270    -4.850    -6.080
    -7.410    -8.380    -8.850    -8.950    -9.040    -9.520   -10.630   -12.030
   -12.990   -12.950   -12.020   -10.810    -9.780    -8.920    -8.020    -7.040
    -6.260    -5.930    -5.870    -5.640    -4.930    -3.960    -3.270    -3.140
    -3.230    -2.890    -1.890     -.690     -.090     -.480    -1.610    -2.930
    -4.060    -4.990    -5.840    -6.600    -7.160    -7.500    -7.660    -7.630
    -7.290    -6.600    -5.840    -5.440    -5.630    -6.210    -6.720    -6.960
    -7.160    -7.800    -8.960   -10.040   -10.150    -9.010    -7.330    -6.150
    -5.750    -5.450    -4.460    -2.840    -1.310     -.510     -.370     -.270
      .480     2.210     4.530     6.430     6.930     6.020     4.730     4.030
     3.880     3.510     2.570     1.620     1.390     1.880     2.560     3.190
     4.030     5.170     6.110     6.310     5.830     5.340     5.330     5.740
     6.300     6.860     7.270     7.270     6.790     6.150     5.770     5.670
     5.640     5.760     6.400     7.450     8.180     8.200     8.040     8.490
     9.430     9.940     9.620     9.050     8.890     8.990     8.820     8.370
     8.170     8.510     9.110     9.570     9.710     9.520     9.040     8.460
     8.120     8.140     8.390     8.650     8.920     9.190     9.200     8.740
     8.070     7.830     8.370     9.320    10.050    10.270    10.240    10.230
    10.120     9.600     8.700     7.890     7.600     7.760     7.910     7.870
     7.960     8.520     9.320     9.660     9.160     8.170     7.400     7.100
     7.010     6.900     6.960     7.450     8.100     8.260     7.540     6.210
     4.930     4.170     3.970     4.100     4.330     4.510     4.500     4.310
     3.980     3.620     3.290     3.030     2.800     2.450     1.750      .590
     -.970    -2.680    -4.260    -5.550    -6.510    -7.200    -7.560    -7.380
    -6.550    -5.350    -4.340    -3.920    -3.980    -4.130    -4.120    -4.040
    -4.050    -4.160    -4.270    -4.310    -4.220    -3.960    -3.600    -3.330
    -3.400    -3.920    -4.760    -5.680    -6.490    -7.120    -7.550    -7.710
    -7.560    -7.280    -7.100    -7.030    -6.780    -6.220    -5.600    -5.180
    -4.940    -4.650    -4.350    -4.320    -4.600    -4.880    -4.830    -4.460
    -3.820    -2.810    -1.520     -.470     -.240     -.810    -1.580    -2.130
    -2.530    -3.000    -3.550    -4.040    -4.490    -5.110    -5.990    -6.870
    -7.190    -6.450    -4.660    -2.490     -.850     -.140     -.030      .080
      .480     1.010     1.450     1.710     1.700     1.320      .590     -.220
     -.770     -.840     -.500      .020      .460      .730      .860      .960
     1.050     1.120     1.130     1.030      .800      .580      .600      .880
     1.120     1.010      .700      .640     1.000     1.400     1.380      .990
      .670      .660      .710      .360     -.490    -1.590    -2.770    -4.120
    -5.730    -7.230    -8.080    -8.170    -8.080    -8.340    -8.740    -8.670
    -7.960    -7.180    -6.780    -6.570    -6.090    -5.370    -4.830    -4.630
    -4.560    -4.390    -4.170    -3.980    -3.760    -3.480    -3.200    -2.890
    -2.530    -2.320    -2.700    -3.700    -4.770    -5.270    -5.230    -5.260
    -5.720    -6.450    -7.180    -8.000    -8.980    -9.830   -10.120    -9.870
    -9.420    -8.840    -7.910    -6.660    -5.670    -5.330    -5.310    -4.950
    -4.140    -3.450    -3.270    -3.380    -3.400    -3.290    -3.210    -3.100
    -2.860    -2.580    -2.350    -1.930     -.990      .330     1.530     2.450
     3.380     4.600     5.820     6.600     6.920     7.050     7.070     6.790
     6.050     4.940     3.700     2.690     2.290     2.700     3.600     4.360
     4.570     4.380     4.130     3.920     3.550     2.900     2.210     1.810
     1.770     1.720     1.210      .170    -1.050    -2.010    -2.580    -2.870
    -2.890    -2.630    -2.250    -2.040    -1.960    -1.620     -.710      .550
     1.760     2.810     3.880     5.030     6.170     7.220     8.160     8.840
     9.050     8.820     8.410     7.990     7.520     7.080     7.050     7.610
     8.280     8.300     7.550     6.780     6.780     7.530     8.400     8.910
     9.080     9.040     8.660     7.900     7.100     6.720     6.760     6.740
     6.430     6.200     6.540     7.300     7.780     7.590     6.980     6.380
     5.860     5.150     4.200     3.320     2.740     2.370     1.940     1.260
      .380     -.520    -1.310    -1.990    -2.680    -3.450    -4.190    -4.780
    -5.200    -5.530    -5.740    -5.790    -5.750    -5.760    -5.830    -5.830
    -5.770    -5.760    -5.770    -5.600    -5.200    -4.890    -4.940    -5.270
    -5.680    -6.170    -6.870    -7.590    -8.000    -8.070    -8.130    -8.360
    -8.520    -8.300    -7.650    -6.730    -5.690    -4.840    -4.560    -4.950
    -5.560    -5.930    -5.990    -5.960    -5.750    -5.010    -3.740    -2.430
    -1.650    -1.540    -1.960    -2.700    -3.540    -4.180    -4.440    -4.400
    -4.250    -4.110    -4.120    -4.610    -5.850    -7.670    -9.450   -10.670
   -11.330   -11.900   -12.640   -13.440   -13.940   -13.960   -13.650   -13.270
   -12.920   -12.460   -11.730   -10.760    -9.700    -8.590    -7.280    -5.560
    -3.440    -1.150     1.020     2.910     4.440     5.550     6.170     6.320
     6.190     6.140     6.480     7.210     8.030     8.710     9.290     9.900
    10.450    10.650    10.420    10.050     9.810     9.760     9.800     9.890
     9.920     9.630     8.830     7.790     6.940     6.350     5.720     4.880
     4.050     3.420     2.940     2.560     2.450     2.710     3.110     3.440
     3.850     4.610     5.610     6.420     7.010     7.660     8.450     9.080
     9.370     9.540     9.770     9.780     9.270     8.590     8.490     9.260
    10.380    11.150    11.300    11.040    10.640    10.220     9.920     9.940
    10.480    11.440    12.340    12.730    12.590    12.370    12.420    12.570
    12.440    11.900    11.140    10.330     9.490     8.720     8.120     7.650
     7.100     6.520     6.300     6.550     6.730     6.250     5.370     5.060
     5.810     6.940     7.480     7.300     7.060     7.180     7.430     7.630
     8.070     9.080    10.300    11.170    11.640    12.130    12.740    13.090
    13.010    12.990    13.410    13.900    13.690    12.540    10.960     9.510
     8.360     7.490     6.930     6.620     6.300     5.760     5.050     4.310
     3.520     2.560     1.360      .010    -1.350    -2.510    -3.200    -3.290
    -3.030    -2.780    -2.760    -2.790    -2.590    -2.000    -1.180     -.500
     -.280     -.500     -.770     -.730     -.430     -.230     -.370     -.750
    -1.120    -1.370    -1.570    -1.850    -2.260    -2.770    -3.330    -3.870
    -4.270    -4.480    -4.460    -4.250    -3.910    -3.620    -3.530    -3.700
    -4.110    -4.660    -5.220    -5.630    -5.760    -5.600    -5.360    -5.410
    -5.970    -6.880    -7.670    -8.030    -8.070    -8.070    -8.150    -8.190
    -8.100    -8.060    -8.360    -9.090   -10.100   -11.120   -11.960   -12.520
   -12.860   -13.160   -13.590   -14.150   -14.620   -14.780   -14.660   -14.440
   -14.240   -14.040   -13.830   -13.760   -13.960   -14.400   -14.810   -15.010
   -15.070   -15.240   -15.710   -16.440   -17.170   -17.540   -17.440   -17.160
   -17.100   -17.270   -17.340   -17.130   -16.880   -16.810   -16.770   -16.570
   -16.450   -16.720   -17.210   -17.290   -16.780   -16.230   -16.150   -16.270
   -16.000   -15.280   -14.650   -14.470   -14.520   -14.470   -14.240   -13.950
   -13.610   -13.160   -12.490   -11.470   -10.010    -8.380    -7.210    -6.870
    -7.060    -7.190    -7.000    -6.650    -6.340    -6.070    -5.850    -5.700
    -5.580    -5.290    -4.730    -4.060    -3.520    -3.270    -3.240    -3.190
    -2.790    -1.940     -.920     -.110      .530     1.310     2.230     2.870
     3.020     3.110     3.610     4.420     5.130     5.750     6.670     8.020
     9.490    10.840    12.120    13.250    13.840    13.750    13.330    13.020
    12.810    12.460    12.060    11.770    11.390    10.460     9.010     7.620
     6.660     5.990     5.350     4.750     4.180     3.310     1.940      .410
     -.700    -1.210    -1.390    -1.390    -1.070     -.460      .060      .270
      .440      .980     1.820     2.480     2.700     2.800     3.180     3.860
     4.580     5.250     6.060     7.020     7.790     7.980     7.710     7.570
     7.970     8.720     9.250     9.180     8.670     8.130     7.820     7.570
     6.980     5.750     4.000     2.250     1.090      .670      .660      .580
      .280     -.050     -.170     -.020      .340      .790     1.240     1.550
     1.580     1.370     1.060      .830      .710      .690      .770      .970
     1.220     1.470     1.830     2.490     3.320     3.690     3.050     1.640
      .360     -.370    -1.170    -2.860    -5.210    -7.180    -8.340    -9.340
   -10.800   -12.260   -12.720   -12.080   -11.290   -11.280   -12.200   -13.540
   -14.520   -14.540   -13.770   -13.350   -14.300   -15.950   -16.280   -14.250
   -11.100    -8.910    -8.400    -8.780    -9.250    -9.540    -9.190    -7.590
    -5.010    -2.750    -1.600     -.960      .000      .820      .510     -.690
    -1.350     -.710      .460     1.090     1.140     1.190     1.310     1.320
     1.640     3.000     5.160     6.690     6.490     5.140     4.220     4.400
     4.960     5.080     5.050     5.680     6.980     8.040     8.180     7.780
     7.550     7.410     6.710     5.380     4.270     4.190     4.810     5.010
     4.090     2.440      .890     -.020     -.160      .390     1.250     1.710
     1.310      .480      .230      .980     2.150     3.080     3.910     5.090
     6.400     7.050     7.000     7.300     8.820    11.080    12.810    13.530
    13.950    14.860    16.110    17.040    17.370    17.270    16.920    16.300
    15.490    14.850    14.640    14.700    14.600    14.070    13.190    12.250
    11.540    11.210    11.140    11.090    10.970    10.870    10.840    10.620
     9.920     8.920     8.300     8.490     9.230     9.860    10.150    10.340
    10.590    10.550     9.760     8.430     7.320     6.990     7.160     7.130
     6.670     6.240     6.400     7.080     7.730     8.010     8.050     8.070
     8.010     7.750     7.470     7.450     7.520     7.260     6.630     6.270
     6.660     7.530     8.250     8.620     8.840     8.830     8.240     7.120
     6.150     5.920     6.300     6.830     7.330     7.830     8.010     7.300
     5.460     2.940      .500    -1.190    -1.900    -1.970    -2.150    -2.970
    -4.140    -4.960    -5.220    -5.370    -5.720    -5.980    -5.910    -6.000
    -6.850    -8.200    -9.080    -9.060    -8.590    -8.220    -7.920    -7.340
    -6.450    -5.380    -4.140    -2.970    -2.490    -3.030    -3.890    -4.030
    -3.330    -2.750    -3.070    -4.110    -5.330    -6.630    -8.090    -9.330
    -9.710    -9.090    -8.030    -7.250    -7.120    -7.650    -8.420    -8.810
    -8.630    -8.480    -9.100   -10.420   -11.550   -11.940   -12.000   -12.480
   -13.460   -14.360   -14.550   -13.810   -12.430   -11.090   -10.450   -10.400
   -10.010    -8.500    -6.370    -5.180    -5.940    -8.050    -9.760    -9.650
    -7.850    -5.850    -5.200    -6.030    -7.090    -7.290    -6.960    -7.090
    -7.680    -7.630    -6.360    -4.770    -3.930    -3.460    -2.130      .090
     1.450      .580    -1.580    -2.530     -.890     2.190     4.390     4.510
     3.370     2.690     3.390     5.020     6.480     7.090     6.980     6.660
     6.550     6.890     7.730     9.000    10.400    11.660    12.860    14.240
    15.620    16.110    14.970    12.570    10.210     8.960     8.660     8.360
     7.480     6.240     5.160     4.470     4.090     3.960     4.140     4.550
     4.800     4.430     3.490     2.600     2.320     2.420     2.080     1.020
      .010      .060     1.200     2.580     3.520     4.190     4.940     5.600
     5.730     5.290     4.780     4.720     5.160     5.710     5.840     5.310
     4.380     3.630     3.300     3.000     2.240     1.130      .240     -.010
      .240      .630      .950     1.180     1.220     1.030      .650      .100
     -.720    -1.900    -3.270    -4.430    -4.990    -4.890    -4.300    -3.460
    -2.580    -1.860    -1.600    -2.000    -2.890    -3.690    -3.820    -3.190
    -2.260    -1.590    -1.470    -1.870    -2.640    -3.530    -4.180    -4.240
    -3.630    -2.640    -1.740    -1.300    -1.490    -2.220    -3.110    -3.620
    -3.370    -2.650    -2.340    -3.020    -4.140    -4.400    -3.140    -1.200
      .060      .170     -.280     -.790    -1.630    -3.060    -4.480    -5.050
    -4.920    -5.050    -5.850    -6.550    -6.420    -5.820    -5.660    -6.060
    -6.360    -6.210    -6.030    -6.090    -5.970    -5.360    -4.810    -5.040
    -5.660    -5.600    -4.570    -3.540    -3.350    -3.690    -3.850    -3.950
    -4.630    -5.750    -6.320    -5.810    -4.920    -4.570    -4.750    -4.870
    -4.920    -5.440    -6.460    -7.110    -6.580    -4.970    -3.000    -1.310
     -.300     -.270    -1.220    -2.540    -3.460    -3.640    -3.140    -2.070
     -.650      .570     1.040      .780      .010    -1.720    -5.240   -10.220
   -14.630   -16.390   -15.270   -12.940   -11.490   -12.100   -14.290   -15.710
   -13.450    -7.180     -.890      .000    -5.910   -14.190   -18.940   -18.260
   -14.820   -11.740    -9.280    -5.270     1.640     9.330    12.740     8.020
    -2.740   -11.860   -12.820    -6.860    -1.080      .050     -.780     1.440
     6.610     9.380     5.970    -1.370    -7.030    -7.800    -4.950    -1.640
      .240      .950     1.420     1.730     1.240     -.120    -1.090     -.440
     1.280     2.090      .850    -1.400    -2.830    -2.710    -1.400      .790
     3.720     6.530     7.670     6.230     2.930     -.680    -3.550    -5.370
    -5.810    -4.220     -.430     4.310     7.580     7.470     4.200      .050
    -2.430    -2.130      .270     3.110     4.650     3.890     1.430     -.660
     -.560     1.310     2.770     2.400      .980      .180      .530     1.380
     2.100     2.540     2.330      .980    -1.100    -2.670    -3.280    -4.000
    -5.960    -8.340    -8.870    -6.280    -1.880     1.800     3.360     3.270
     2.650     1.910      .910     -.140     -.430      .470     1.840     2.460
     1.950     1.210     1.360     2.510     3.820     4.530     4.550     4.210
     3.760     3.360     3.350     4.040     5.410     7.030     8.410     9.260
     9.460     9.070     8.370     7.840     7.820     8.220     8.620     8.690
     8.410     8.020     7.630     7.150     6.450     5.750     5.540     6.070
     7.040     7.800     7.950     7.640     7.090     6.210     4.740     2.720
      .720     -.340      .070     1.540     2.700     2.240      .300    -1.460
    -1.380      .530     2.790     4.040     4.150     3.680     3.010     2.210
     1.350      .520     -.280     -.980    -1.260    -1.000     -.710     -.840
    -1.010     -.510      .350      .230    -1.430    -3.320    -3.760    -2.900
    -2.510    -3.600    -5.270    -6.120    -5.960    -5.450    -4.890    -4.050
    -3.150    -2.950    -3.710    -4.760    -5.270    -4.980    -3.830    -1.640
     1.310     3.720     4.190     2.760      .930      .190      .670     1.580
     2.250     2.740     3.470     4.680     6.180     7.300     7.370     6.350
     4.870     3.630     2.830     2.410     2.390     2.770     3.260     3.430
     3.260     3.240     3.730     4.620     5.590     6.430     6.810     6.090
     3.840      .670    -1.960    -2.940    -2.520    -1.800    -1.400    -1.000
     -.230      .410      .010    -1.520    -3.040    -3.320    -2.270     -.880
     -.180     -.410    -1.330    -2.680    -4.290    -5.870    -6.830    -6.570
    -4.920    -2.450     -.230      .900      .910      .350     -.310    -1.090
    -1.960    -2.500    -2.300    -1.670    -1.570    -2.360    -3.120    -2.620
     -.930      .360     -.010    -1.480    -2.520    -2.640    -2.780    -3.590
    -4.280    -3.700    -1.980     -.360      .390      .510      .420      .160
     -.140      .100     1.180     2.600     3.640     4.220     4.670     5.020
     5.070     4.970     5.250     6.110     7.170     7.860     7.820     6.960
     5.430     3.650     1.960      .320    -1.370    -2.590    -2.600    -1.470
     -.350     -.220     -.930    -1.730    -2.520    -3.770    -5.550    -7.070
    -7.500    -6.850    -5.800    -5.000    -4.630    -4.500    -4.320    -3.950
    -3.500    -3.290    -3.560    -4.300    -5.200    -5.890    -6.030    -5.570
    -4.800    -4.030    -3.340    -2.640    -2.130    -2.230    -3.050    -4.030
    -4.360    -3.750    -2.460     -.970      .410     1.370     1.680     1.310
      .610      .040     -.110      .250     1.130     2.510     4.160     5.680
     6.610     6.710     6.170     5.540     5.200     5.110     4.910     4.540
     4.400     4.900     5.850     6.670     6.960     6.880     6.710     6.490
     6.140     5.830     5.860     6.200     6.400     6.190     5.870     5.950
     6.390     6.670     6.460     6.040     5.940     6.340     6.990     7.610
     8.010     8.080     7.770     7.260     6.800     6.430     5.970     5.390
     4.920     4.700     4.640     4.650     4.830     5.140     5.200     4.670
     3.870     3.600     4.290     5.610     6.890     7.660     7.580     6.470
     4.550     2.520     1.040      .180     -.340     -.540     -.230      .520
     1.280     1.730     1.910     1.810     1.100     -.290    -1.850    -2.870
    -3.190    -3.060    -2.370     -.620     2.120     4.810     6.180     6.010
     5.140     4.480     4.260     4.220     4.100     3.880     3.610     3.380
     3.200     3.050     2.850     2.620     2.460     2.360     2.210     1.980
     1.840     1.790     1.530      .720     -.410    -1.190    -1.170     -.600
      .010      .470      .960     1.560     2.090     2.360     2.430     2.470
     2.520     2.540     2.560     2.610     2.650     2.670     2.820     3.280
     3.940     4.420     4.370     3.850     3.170     2.530     1.930     1.290
      .620      .020     -.490     -.920    -1.330    -1.730    -2.140    -2.550
    -2.960    -3.360    -3.780    -4.180    -4.540    -4.830    -5.080    -5.330
    -5.600    -5.870    -6.120    -6.380    -6.660    -6.890    -7.040    -7.080
    -7.090    -7.120    -7.150    -7.170    -7.190    -7.230    -7.320    -7.430
    -7.540    -7.640    -7.750    -7.870    -7.970    -8.010    -7.940    -7.750
    -7.530    -7.330    -7.160    -6.960    -6.730    -6.550    -6.510    -6.600
    -6.730    -6.870    -7.030    -7.180    -7.280    -7.480    -7.970    -8.700
    -9.270    -9.210    -8.480    -7.450    -6.490    -5.620    -4.660    -3.640
    -2.820    -2.410    -2.340    -2.360    -2.350    -2.310    -2.310    -2.330
    -2.300    -2.250    -2.300    -2.520    -2.850    -3.220    -3.590    -3.970
    -4.350    -4.660    -4.840    -4.900    -4.920    -4.950    -5.010    -5.060
    -5.060    -4.980    -4.810    -4.620    -4.440    -4.250    -4.080    -3.880
    -3.610    -3.200    -2.670    -2.150    -1.700    -1.230     -.640     -.140
     -.080     -.620    -1.550    -2.530    -3.460    -4.380    -5.310    -6.080
    -6.540    -6.800    -7.070    -7.430    -7.790    -7.930    -7.740    -7.290
    -6.740    -6.220    -5.740    -5.240    -4.700    -4.210    -3.820    -3.530
    -3.270    -3.010    -2.750    -2.480    -2.220    -1.960    -1.700    -1.430
    -1.110     -.710     -.280      .160      .570      .980     1.420     1.860
     2.240     2.500     2.640     2.730     2.830     2.940     3.050     3.150
     3.250     3.340     3.420     3.490     3.560     3.630     3.700     3.770
     3.850     3.890     3.870     3.770     3.640     3.520     3.410     3.300
     3.180     3.050     2.940     2.880     2.870     2.880     2.890     2.900
     2.910     2.920     2.930     2.950     3.000     3.110     3.250     3.380
     3.510     3.630     3.770     3.910     4.020     4.080     4.070     4.000
     3.940     3.910     3.870     3.800     3.750     3.770     3.850     3.950
     4.030     4.130     4.250     4.340     4.420     4.510     4.620     4.680
     4.690     4.740     4.840     4.900     4.900     4.950     5.050     5.000
     4.640     4.160     3.850     3.600     2.940     1.610     -.060    -1.500
    -2.470    -2.950    -2.910    -2.440    -1.930    -1.920    -2.510    -3.340
    -4.110    -4.840    -5.590    -6.130    -6.200    -5.890    -5.520    -5.260
    -5.030    -4.710    -4.370    -4.090    -3.840    -3.540    -3.170    -2.730
    -2.250    -1.740    -1.220     -.710     -.220      .290      .800     1.310
     1.830     2.280     2.570     2.690     2.730     2.790     2.870     2.950
     3.000     3.060     3.120     3.150     3.140     3.120     3.110     3.110
     3.100     3.080     3.070     3.070     3.060     3.040     3.000     2.940
     2.870     2.800     2.740     2.680     2.600     2.540     2.480     2.410
     2.310     2.170     2.020     1.860     1.690     1.540     1.390     1.230
     1.000      .680      .280     -.130     -.520     -.900    -1.300    -1.710
    -2.090    -2.420    -2.680    -2.910    -3.140    -3.370    -3.610    -3.840
    -4.070    -4.300    -4.520    -4.720    -4.930    -5.150    -5.360    -5.560
    -5.770    -6.010    -6.210    -6.280    -6.150    -5.920    -5.680    -5.460
    -5.240    -5.000    -4.780    -4.560    -4.310    -3.980    -3.580    -3.160
    -2.750    -2.350    -1.940    -1.520    -1.100     -.730     -.480     -.360
     -.290     -.220     -.110     -.020      .050      .130      .240      .320
      .320      .210      .060     -.100     -.260     -.420     -.570     -.720
     -.890    -1.070    -1.150     -.980     -.590     -.120      .310      .720
     1.160     1.620     2.000     2.260     2.450     2.650     2.860     3.050
     3.240     3.450     3.660     3.840     3.950     4.010     4.040     4.070
     4.100     4.140     4.170     4.200     4.220     4.270     4.390     4.560
     4.760     4.980     5.190     5.380     5.580     5.800     6.030     6.150
     6.070     5.840     5.560     5.290     5.050     4.790     4.520     4.260
     4.000     3.740     3.490     3.240     3.020     2.790     2.560     2.330
     2.090     1.860     1.660     1.560     1.580     1.660     1.710     1.740
     1.790     1.870     1.900     1.840     1.680     1.460     1.250     1.040
      .840      .630      .420      .200      .010     -.130     -.220     -.300
     -.380     -.460     -.540     -.630     -.730     -.750     -.590     -.220
      .250      .680     1.060     1.480     1.970     2.380     2.520     2.360
     2.000     1.600     1.240      .900      .550      .170     -.210     -.550
     -.820     -.960     -.980     -.950     -.940     -.980    -1.000     -.980
     -.950    -1.000    -1.180    -1.480    -1.860    -2.290    -2.690    -3.040
    -3.390    -3.840    -4.420    -5.100    -5.890    -6.760    -7.590    -8.080
    -8.020    -7.530    -6.900    -6.350    -5.830    -5.270    -4.700    -4.300
    -4.100    -3.970    -3.790    -3.610    -3.470    -3.340    -3.100    -2.690
    -2.160    -1.590    -1.030     -.480      .070      .630     1.200     1.750
     2.270     2.750     3.200     3.650     4.110     4.560     5.010     5.460
     5.920     6.380     6.740     6.990     7.150     7.290     7.460     7.630
     7.790     7.940     8.110     8.280     8.380     8.370     8.300     8.200
     8.130     8.050     7.960     7.880     7.800     7.720     7.620     7.490
     7.330     7.180     7.020     6.870     6.720     6.560     6.400     6.250
     6.100     5.930     5.730     5.500     5.270     5.050     4.830     4.600
     4.370     4.150     3.910     3.640     3.350     3.070     2.790     2.500
     2.210     1.980     1.840     1.760     1.690     1.610     1.530     1.460
     1.390     1.310     1.230     1.160     1.110     1.050      .990      .930
      .870      .810      .760      .700      .620      .520      .400      .280
      .160      .040     -.080     -.200     -.320     -.430     -.540     -.620
     -.690     -.780     -.880     -.960    -1.030    -1.110    -1.260    -1.470
    -1.730    -2.020    -2.300    -2.560    -2.810    -3.090    -3.390    -3.610
    -3.640    -3.480    -3.220    -2.960    -2.730    -2.500    -2.250    -2.000
    -1.760    -1.520    -1.340    -1.250    -1.230    -1.210    -1.180    -1.140
    -1.130    -1.110    -1.070    -1.050    -1.130    -1.290    -1.490    -1.670
    -1.860    -2.050    -2.240    -2.420    -2.610    -2.850    -3.130    -3.430
    -3.720    -4.020    -4.320    -4.610    -4.900    -5.210    -5.510    -5.740
    -5.840    -5.850    -5.850    -5.870    -5.890    -5.890    -5.900    -5.910
    -5.930    -5.940    -5.940    -5.970    -6.040    -6.130    -6.240    -6.340
    -6.450    -6.550    -6.650    -6.760    -6.860    -6.960    -7.060    -7.180
    -7.320    -7.480    -7.640    -7.800    -7.960    -8.120    -8.280    -8.430
    -8.600    -8.760    -8.900    -9.030    -9.170    -9.300    -9.420    -9.540
    -9.680    -9.830    -9.940    -9.920    -9.760    -9.500    -9.220    -8.980
    -8.780    -8.720    0         0         0         0         0         0